greedyAlgo: 1025598421
greedyAlgoRUNTIME: 93750.000000
KKAlgo: 1
KKAlgoRUNTIME: 250000.000000
