greedyAlgo: 573791777
greedyAlgoRUNTIME: 0.000000
KKAlgo: 818143
KKAlgoRUNTIME: 0.000000
