greedyAlgo: 2034444480
greedyAlgoRUNTIME: 0.000000
KKAlgo: 1
KKAlgoRUNTIME: 0.000000
