greedyAlgo: 2070640165
greedyAlgoRUNTIME: 31250.000000
KKAlgo: 1
KKAlgoRUNTIME: 31250.000000
