greedyAlgo: 2090055792
greedyAlgoRUNTIME: 62500.000000
KKAlgo: 1
KKAlgoRUNTIME: 125000.000000
