greedyAlgo: 826063658
greedyAlgoRUNTIME: 0.000000
KKAlgo: 5100
KKAlgoRUNTIME: 0.000000
