greedyAlgo: 421718738
greedyAlgoRUNTIME: 31250.000000
KKAlgo: 0
KKAlgoRUNTIME: 46875.000000
