greedyAlgo: 1080629698
greedyAlgoRUNTIME: 31250.000000
KKAlgo: 1
KKAlgoRUNTIME: 46875.000000
