greedyAlgo: 1114047541
greedyAlgoRUNTIME: 93750.000000
KKAlgo: 0
KKAlgoRUNTIME: 171875.000000
