greedyAlgo: 1611988839
greedyAlgoRUNTIME: 125000.000000
KKAlgo: 0
KKAlgoRUNTIME: 234375.000000
