greedyAlgo: 1247228493
greedyAlgoRUNTIME: 46875.000000
KKAlgo: 0
KKAlgoRUNTIME: 93750.000000
