greedyAlgo: 47272188
greedyAlgoRUNTIME: 46875.000000
KKAlgo: 1
KKAlgoRUNTIME: 93750.000000
