greedyAlgo: 1153299945
greedyAlgoRUNTIME: 0.000000
KKAlgo: 107
KKAlgoRUNTIME: 0.000000
