greedyAlgo: 1749936314
greedyAlgoRUNTIME: 46875.000000
KKAlgo: 8291652
KKAlgoRUNTIME: 78125.000000
