greedyAlgo: 1763478015
greedyAlgoRUNTIME: 125000.000000
KKAlgo: 1
KKAlgoRUNTIME: 234375.000000
