greedyAlgo: 0
greedyAlgoRUNTIME: 156250.000000
KKAlgo: 1
KKAlgoRUNTIME: 328125.000000
