greedyAlgo: 601365431
greedyAlgoRUNTIME: 15625.000000
KKAlgo: 9058968
KKAlgoRUNTIME: 31250.000000
