greedyAlgo: 842709460
greedyAlgoRUNTIME: 0.000000
KKAlgo: 8400905
KKAlgoRUNTIME: 15625.000000
