greedyAlgo: 1204009084
greedyAlgoRUNTIME: 15625.000000
KKAlgo: 0
KKAlgoRUNTIME: 0.000000
