greedyAlgo: 1258839283
greedyAlgoRUNTIME: 0.000000
KKAlgo: 0
KKAlgoRUNTIME: 0.000000
