greedyAlgo: 1074429110
greedyAlgoRUNTIME: 46875.000000
KKAlgo: 8528488
KKAlgoRUNTIME: 62500.000000
