greedyAlgo: 436735
greedyAlgoRUNTIME: 0.000000
KKAlgo: 6557488
KKAlgoRUNTIME: 0.000000
