greedyAlgo: 1285721832
greedyAlgoRUNTIME: 46875.000000
KKAlgo: 0
KKAlgoRUNTIME: 93750.000000
