greedyAlgo: 25806282
greedyAlgoRUNTIME: 31250.000000
KKAlgo: 8227131
KKAlgoRUNTIME: 15625.000000
