greedyAlgo: 2104590133
greedyAlgoRUNTIME: 78125.000000
KKAlgo: 1
KKAlgoRUNTIME: 140625.000000
