greedyAlgo: 1319763005
greedyAlgoRUNTIME: 15625.000000
KKAlgo: 1
KKAlgoRUNTIME: 0.000000
