greedyAlgo: 1962062864
greedyAlgoRUNTIME: 0.000000
KKAlgo: 8140445
KKAlgoRUNTIME: 0.000000
