greedyAlgo: 526188294
greedyAlgoRUNTIME: 46875.000000
KKAlgo: 0
KKAlgoRUNTIME: 78125.000000
