greedyAlgo: 1280697359
greedyAlgoRUNTIME: 156250.000000
KKAlgo: 0
KKAlgoRUNTIME: 328125.000000
