greedyAlgo: 1127149654
greedyAlgoRUNTIME: 15625.000000
KKAlgo: 1
KKAlgoRUNTIME: 46875.000000
