greedyAlgo: 59624112
greedyAlgoRUNTIME: 93750.000000
KKAlgo: 1
KKAlgoRUNTIME: 171875.000000
