greedyAlgo: 1278586676
greedyAlgoRUNTIME: 15625.000000
KKAlgo: 8249128
KKAlgoRUNTIME: 15625.000000
