greedyAlgo: 1639596816
greedyAlgoRUNTIME: 109375.000000
KKAlgo: 8437528
KKAlgoRUNTIME: 156250.000000
