greedyAlgo: 1789080434
greedyAlgoRUNTIME: 62500.000000
KKAlgo: 8624876
KKAlgoRUNTIME: 78125.000000
