greedyAlgo: 590196379
greedyAlgoRUNTIME: 46875.000000
KKAlgo: 1
KKAlgoRUNTIME: 78125.000000
