greedyAlgo: 2055154313
greedyAlgoRUNTIME: 0.000000
KKAlgo: 8132637
KKAlgoRUNTIME: 15625.000000
