greedyAlgo: 1115471046
greedyAlgoRUNTIME: 0.000000
KKAlgo: 1
KKAlgoRUNTIME: 0.000000
