greedyAlgo: 1001596634
greedyAlgoRUNTIME: 0.000000
KKAlgo: 9150394
KKAlgoRUNTIME: 0.000000
