greedyAlgo: 1810979635
greedyAlgoRUNTIME: 46875.000000
KKAlgo: 8506115
KKAlgoRUNTIME: 62500.000000
