greedyAlgo: 335118825
greedyAlgoRUNTIME: 62500.000000
KKAlgo: 8223517
KKAlgoRUNTIME: 78125.000000
