greedyAlgo: 1010481992
greedyAlgoRUNTIME: 0.000000
KKAlgo: 8377861
KKAlgoRUNTIME: 0.000000
