greedyAlgo: 1905843685
greedyAlgoRUNTIME: 93750.000000
KKAlgo: 8413344
KKAlgoRUNTIME: 125000.000000
