greedyAlgo: 1257794652
greedyAlgoRUNTIME: 31250.000000
KKAlgo: 8673224
KKAlgoRUNTIME: 15625.000000
