greedyAlgo: 730030809
greedyAlgoRUNTIME: 31250.000000
KKAlgo: 1
KKAlgoRUNTIME: 78125.000000
