greedyAlgo: 144037467
greedyAlgoRUNTIME: 62500.000000
KKAlgo: 8467939
KKAlgoRUNTIME: 93750.000000
