greedyAlgo: 1407994164
greedyAlgoRUNTIME: 31250.000000
KKAlgo: 0
KKAlgoRUNTIME: 31250.000000
