greedyAlgo: 1150958793
greedyAlgoRUNTIME: 46875.000000
KKAlgo: 0
KKAlgoRUNTIME: 62500.000000
