greedyAlgo: 276299060
greedyAlgoRUNTIME: 15625.000000
KKAlgo: 0
KKAlgoRUNTIME: 46875.000000
