greedyAlgo: 3
greedyAlgoRUNTIME: 125000.000000
KKAlgo: 1
KKAlgoRUNTIME: 250000.000000
