greedyAlgo: 1333264001
greedyAlgoRUNTIME: 0.000000
KKAlgo: 8409079
KKAlgoRUNTIME: 0.000000
