greedyAlgo: 776356774
greedyAlgoRUNTIME: 15625.000000
KKAlgo: 8801478
KKAlgoRUNTIME: 15625.000000
