greedyAlgo: 477787708
greedyAlgoRUNTIME: 0.000000
KKAlgo: 54
KKAlgoRUNTIME: 0.000000
