greedyAlgo: 958319238
greedyAlgoRUNTIME: 0.000000
KKAlgo: 1
KKAlgoRUNTIME: 15625.000000
