greedyAlgo: 1428256236
greedyAlgoRUNTIME: 15625.000000
KKAlgo: 1
KKAlgoRUNTIME: 31250.000000
