greedyAlgo: 5
greedyAlgoRUNTIME: 62500.000000
KKAlgo: 0
KKAlgoRUNTIME: 93750.000000
