greedyAlgo: 641190801
greedyAlgoRUNTIME: 31250.000000
KKAlgo: 1
KKAlgoRUNTIME: 31250.000000
