greedyAlgo: 13978394
greedyAlgoRUNTIME: 15625.000000
KKAlgo: 8487974
KKAlgoRUNTIME: 0.000000
