greedyAlgo: 1734993675
greedyAlgoRUNTIME: 15625.000000
KKAlgo: 1
KKAlgoRUNTIME: 15625.000000
