greedyAlgo: 1153896980
greedyAlgoRUNTIME: 31250.000000
KKAlgo: 0
KKAlgoRUNTIME: 31250.000000
