greedyAlgo: 2049029332
greedyAlgoRUNTIME: 46875.000000
KKAlgo: 8520258
KKAlgoRUNTIME: 78125.000000
