greedyAlgo: 1092150229
greedyAlgoRUNTIME: 15625.000000
KKAlgo: 0
KKAlgoRUNTIME: 31250.000000
