greedyAlgo: 660997261
greedyAlgoRUNTIME: 15625.000000
KKAlgo: 8812486
KKAlgoRUNTIME: 15625.000000
