greedyAlgo: 1694382042
greedyAlgoRUNTIME: 78125.000000
KKAlgo: 0
KKAlgoRUNTIME: 156250.000000
