greedyAlgo: 1972525251
greedyAlgoRUNTIME: 78125.000000
KKAlgo: 1
KKAlgoRUNTIME: 140625.000000
