greedyAlgo: 1410400501
greedyAlgoRUNTIME: 0.000000
KKAlgo: 8014557
KKAlgoRUNTIME: 0.000000
