greedyAlgo: 783925267
greedyAlgoRUNTIME: 0.000000
KKAlgo: 492
KKAlgoRUNTIME: 0.000000
