greedyAlgo: 1853309562
greedyAlgoRUNTIME: 46875.000000
KKAlgo: 1
KKAlgoRUNTIME: 62500.000000
