greedyAlgo: 6
greedyAlgoRUNTIME: 78125.000000
KKAlgo: 1
KKAlgoRUNTIME: 125000.000000
