greedyAlgo: 1060192754
greedyAlgoRUNTIME: 15625.000000
KKAlgo: 1
KKAlgoRUNTIME: 31250.000000
