greedyAlgo: 1477013913
greedyAlgoRUNTIME: 109375.000000
KKAlgo: 8206723
KKAlgoRUNTIME: 187500.000000
