greedyAlgo: 590391755
greedyAlgoRUNTIME: 0.000000
KKAlgo: 0
KKAlgoRUNTIME: 15625.000000
