greedyAlgo: 1074067165
greedyAlgoRUNTIME: 31250.000000
KKAlgo: 8296461
KKAlgoRUNTIME: 78125.000000
