greedyAlgo: 1979764829
greedyAlgoRUNTIME: 15625.000000
KKAlgo: 0
KKAlgoRUNTIME: 46875.000000
