greedyAlgo: 1495783232
greedyAlgoRUNTIME: 46875.000000
KKAlgo: 1
KKAlgoRUNTIME: 78125.000000
