greedyAlgo: 1575737513
greedyAlgoRUNTIME: 109375.000000
KKAlgo: 8396332
KKAlgoRUNTIME: 187500.000000
