greedyAlgo: 24825403
greedyAlgoRUNTIME: 0.000000
KKAlgo: 9074034
KKAlgoRUNTIME: 0.000000
