greedyAlgo: 771377175
greedyAlgoRUNTIME: 125000.000000
KKAlgo: 1
KKAlgoRUNTIME: 171875.000000
