greedyAlgo: 1486219159
greedyAlgoRUNTIME: 125000.000000
KKAlgo: 0
KKAlgoRUNTIME: 250000.000000
