greedyAlgo: 1265693461
greedyAlgoRUNTIME: 15625.000000
KKAlgo: 0
KKAlgoRUNTIME: 31250.000000
