greedyAlgo: 916707137
greedyAlgoRUNTIME: 93750.000000
KKAlgo: 8476322
KKAlgoRUNTIME: 156250.000000
