greedyAlgo: 1753220579
greedyAlgoRUNTIME: 15625.000000
KKAlgo: 8062733
KKAlgoRUNTIME: 31250.000000
