greedyAlgo: 420047688
greedyAlgoRUNTIME: 31250.000000
KKAlgo: 1
KKAlgoRUNTIME: 62500.000000
