greedyAlgo: 139726500
greedyAlgoRUNTIME: 31250.000000
KKAlgo: 8467276
KKAlgoRUNTIME: 31250.000000
