greedyAlgo: 2042901512
greedyAlgoRUNTIME: 125000.000000
KKAlgo: 8282314
KKAlgoRUNTIME: 156250.000000
