greedyAlgo: 568270928
greedyAlgoRUNTIME: 0.000000
KKAlgo: 4335564
KKAlgoRUNTIME: 0.000000
