greedyAlgo: 995720600
greedyAlgoRUNTIME: 125000.000000
KKAlgo: 8354766
KKAlgoRUNTIME: 187500.000000
