greedyAlgo: 42
greedyAlgoRUNTIME: 0.000000
KKAlgo: 130
KKAlgoRUNTIME: 0.000000
