greedyAlgo: 379057791
greedyAlgoRUNTIME: 15625.000000
KKAlgo: 8556311
KKAlgoRUNTIME: 15625.000000
